3		216		125
0.10000E-03		400		10
1
0.2500000000E+00		0.9845420000E+08       1300.0
       1    0.0000000000E+00    0.0000000000E+00    0.0000000000E+00
       2    0.2400000000E+00    0.0000000000E+00    0.0000000000E+00
       3    0.4800000000E+00    0.0000000000E+00    0.0000000000E+00
       4    0.7200000000E+00    0.0000000000E+00    0.0000000000E+00
       5    0.9600000000E+00    0.0000000000E+00    0.0000000000E+00
       6    0.1200000000E+01    0.0000000000E+00    0.0000000000E+00
       7    0.0000000000E+00    0.2400000000E+00    0.0000000000E+00
       8    0.2400000000E+00    0.2400000000E+00    0.0000000000E+00
       9    0.4800000000E+00    0.2400000000E+00    0.0000000000E+00
      10    0.7200000000E+00    0.2400000000E+00    0.0000000000E+00
      11    0.9600000000E+00    0.2400000000E+00    0.0000000000E+00
      12    0.1200000000E+01    0.2400000000E+00    0.0000000000E+00
      13    0.0000000000E+00    0.4800000000E+00    0.0000000000E+00
      14    0.2400000000E+00    0.4800000000E+00    0.0000000000E+00
      15    0.4800000000E+00    0.4800000000E+00    0.0000000000E+00
      16    0.7200000000E+00    0.4800000000E+00    0.0000000000E+00
      17    0.9600000000E+00    0.4800000000E+00    0.0000000000E+00
      18    0.1200000000E+01    0.4800000000E+00    0.0000000000E+00
      19    0.0000000000E+00    0.7200000000E+00    0.0000000000E+00
      20    0.2400000000E+00    0.7200000000E+00    0.0000000000E+00
      21    0.4800000000E+00    0.7200000000E+00    0.0000000000E+00
      22    0.7200000000E+00    0.7200000000E+00    0.0000000000E+00
      23    0.9600000000E+00    0.7200000000E+00    0.0000000000E+00
      24    0.1200000000E+01    0.7200000000E+00    0.0000000000E+00
      25    0.0000000000E+00    0.9600000000E+00    0.0000000000E+00
      26    0.2400000000E+00    0.9600000000E+00    0.0000000000E+00
      27    0.4800000000E+00    0.9600000000E+00    0.0000000000E+00
      28    0.7200000000E+00    0.9600000000E+00    0.0000000000E+00
      29    0.9600000000E+00    0.9600000000E+00    0.0000000000E+00
      30    0.1200000000E+01    0.9600000000E+00    0.0000000000E+00
      31    0.0000000000E+00    0.1200000000E+01    0.0000000000E+00
      32    0.2400000000E+00    0.1200000000E+01    0.0000000000E+00
      33    0.4800000000E+00    0.1200000000E+01    0.0000000000E+00
      34    0.7200000000E+00    0.1200000000E+01    0.0000000000E+00
      35    0.9600000000E+00    0.1200000000E+01    0.0000000000E+00
      36    0.1200000000E+01    0.1200000000E+01    0.0000000000E+00
      37    0.0000000000E+00    0.0000000000E+00    0.2400000000E+00
      38    0.2400000000E+00    0.0000000000E+00    0.2400000000E+00
      39    0.4800000000E+00    0.0000000000E+00    0.2400000000E+00
      40    0.7200000000E+00    0.0000000000E+00    0.2400000000E+00
      41    0.9600000000E+00    0.0000000000E+00    0.2400000000E+00
      42    0.1200000000E+01    0.0000000000E+00    0.2400000000E+00
      43    0.0000000000E+00    0.2400000000E+00    0.2400000000E+00
      44    0.2400000000E+00    0.2400000000E+00    0.2400000000E+00
      45    0.4800000000E+00    0.2400000000E+00    0.2400000000E+00
      46    0.7200000000E+00    0.2400000000E+00    0.2400000000E+00
      47    0.9600000000E+00    0.2400000000E+00    0.2400000000E+00
      48    0.1200000000E+01    0.2400000000E+00    0.2400000000E+00
      49    0.0000000000E+00    0.4800000000E+00    0.2400000000E+00
      50    0.2400000000E+00    0.4800000000E+00    0.2400000000E+00
      51    0.4800000000E+00    0.4800000000E+00    0.2400000000E+00
      52    0.7200000000E+00    0.4800000000E+00    0.2400000000E+00
      53    0.9600000000E+00    0.4800000000E+00    0.2400000000E+00
      54    0.1200000000E+01    0.4800000000E+00    0.2400000000E+00
      55    0.0000000000E+00    0.7200000000E+00    0.2400000000E+00
      56    0.2400000000E+00    0.7200000000E+00    0.2400000000E+00
      57    0.4800000000E+00    0.7200000000E+00    0.2400000000E+00
      58    0.7200000000E+00    0.7200000000E+00    0.2400000000E+00
      59    0.9600000000E+00    0.7200000000E+00    0.2400000000E+00
      60    0.1200000000E+01    0.7200000000E+00    0.2400000000E+00
      61    0.0000000000E+00    0.9600000000E+00    0.2400000000E+00
      62    0.2400000000E+00    0.9600000000E+00    0.2400000000E+00
      63    0.4800000000E+00    0.9600000000E+00    0.2400000000E+00
      64    0.7200000000E+00    0.9600000000E+00    0.2400000000E+00
      65    0.9600000000E+00    0.9600000000E+00    0.2400000000E+00
      66    0.1200000000E+01    0.9600000000E+00    0.2400000000E+00
      67    0.0000000000E+00    0.1200000000E+01    0.2400000000E+00
      68    0.2400000000E+00    0.1200000000E+01    0.2400000000E+00
      69    0.4800000000E+00    0.1200000000E+01    0.2400000000E+00
      70    0.7200000000E+00    0.1200000000E+01    0.2400000000E+00
      71    0.9600000000E+00    0.1200000000E+01    0.2400000000E+00
      72    0.1200000000E+01    0.1200000000E+01    0.2400000000E+00
      73    0.0000000000E+00    0.0000000000E+00    0.4800000000E+00
      74    0.2400000000E+00    0.0000000000E+00    0.4800000000E+00
      75    0.4800000000E+00    0.0000000000E+00    0.4800000000E+00
      76    0.7200000000E+00    0.0000000000E+00    0.4800000000E+00
      77    0.9600000000E+00    0.0000000000E+00    0.4800000000E+00
      78    0.1200000000E+01    0.0000000000E+00    0.4800000000E+00
      79    0.0000000000E+00    0.2400000000E+00    0.4800000000E+00
      80    0.2400000000E+00    0.2400000000E+00    0.4800000000E+00
      81    0.4800000000E+00    0.2400000000E+00    0.4800000000E+00
      82    0.7200000000E+00    0.2400000000E+00    0.4800000000E+00
      83    0.9600000000E+00    0.2400000000E+00    0.4800000000E+00
      84    0.1200000000E+01    0.2400000000E+00    0.4800000000E+00
      85    0.0000000000E+00    0.4800000000E+00    0.4800000000E+00
      86    0.2400000000E+00    0.4800000000E+00    0.4800000000E+00
      87    0.4800000000E+00    0.4800000000E+00    0.4800000000E+00
      88    0.7200000000E+00    0.4800000000E+00    0.4800000000E+00
      89    0.9600000000E+00    0.4800000000E+00    0.4800000000E+00
      90    0.1200000000E+01    0.4800000000E+00    0.4800000000E+00
      91    0.0000000000E+00    0.7200000000E+00    0.4800000000E+00
      92    0.2400000000E+00    0.7200000000E+00    0.4800000000E+00
      93    0.4800000000E+00    0.7200000000E+00    0.4800000000E+00
      94    0.7200000000E+00    0.7200000000E+00    0.4800000000E+00
      95    0.9600000000E+00    0.7200000000E+00    0.4800000000E+00
      96    0.1200000000E+01    0.7200000000E+00    0.4800000000E+00
      97    0.0000000000E+00    0.9600000000E+00    0.4800000000E+00
      98    0.2400000000E+00    0.9600000000E+00    0.4800000000E+00
      99    0.4800000000E+00    0.9600000000E+00    0.4800000000E+00
     100    0.7200000000E+00    0.9600000000E+00    0.4800000000E+00
     101    0.9600000000E+00    0.9600000000E+00    0.4800000000E+00
     102    0.1200000000E+01    0.9600000000E+00    0.4800000000E+00
     103    0.0000000000E+00    0.1200000000E+01    0.4800000000E+00
     104    0.2400000000E+00    0.1200000000E+01    0.4800000000E+00
     105    0.4800000000E+00    0.1200000000E+01    0.4800000000E+00
     106    0.7200000000E+00    0.1200000000E+01    0.4800000000E+00
     107    0.9600000000E+00    0.1200000000E+01    0.4800000000E+00
     108    0.1200000000E+01    0.1200000000E+01    0.4800000000E+00
     109    0.0000000000E+00    0.0000000000E+00    0.7200000000E+00
     110    0.2400000000E+00    0.0000000000E+00    0.7200000000E+00
     111    0.4800000000E+00    0.0000000000E+00    0.7200000000E+00
     112    0.7200000000E+00    0.0000000000E+00    0.7200000000E+00
     113    0.9600000000E+00    0.0000000000E+00    0.7200000000E+00
     114    0.1200000000E+01    0.0000000000E+00    0.7200000000E+00
     115    0.0000000000E+00    0.2400000000E+00    0.7200000000E+00
     116    0.2400000000E+00    0.2400000000E+00    0.7200000000E+00
     117    0.4800000000E+00    0.2400000000E+00    0.7200000000E+00
     118    0.7200000000E+00    0.2400000000E+00    0.7200000000E+00
     119    0.9600000000E+00    0.2400000000E+00    0.7200000000E+00
     120    0.1200000000E+01    0.2400000000E+00    0.7200000000E+00
     121    0.0000000000E+00    0.4800000000E+00    0.7200000000E+00
     122    0.2400000000E+00    0.4800000000E+00    0.7200000000E+00
     123    0.4800000000E+00    0.4800000000E+00    0.7200000000E+00
     124    0.7200000000E+00    0.4800000000E+00    0.7200000000E+00
     125    0.9600000000E+00    0.4800000000E+00    0.7200000000E+00
     126    0.1200000000E+01    0.4800000000E+00    0.7200000000E+00
     127    0.0000000000E+00    0.7200000000E+00    0.7200000000E+00
     128    0.2400000000E+00    0.7200000000E+00    0.7200000000E+00
     129    0.4800000000E+00    0.7200000000E+00    0.7200000000E+00
     130    0.7200000000E+00    0.7200000000E+00    0.7200000000E+00
     131    0.9600000000E+00    0.7200000000E+00    0.7200000000E+00
     132    0.1200000000E+01    0.7200000000E+00    0.7200000000E+00
     133    0.0000000000E+00    0.9600000000E+00    0.7200000000E+00
     134    0.2400000000E+00    0.9600000000E+00    0.7200000000E+00
     135    0.4800000000E+00    0.9600000000E+00    0.7200000000E+00
     136    0.7200000000E+00    0.9600000000E+00    0.7200000000E+00
     137    0.9600000000E+00    0.9600000000E+00    0.7200000000E+00
     138    0.1200000000E+01    0.9600000000E+00    0.7200000000E+00
     139    0.0000000000E+00    0.1200000000E+01    0.7200000000E+00
     140    0.2400000000E+00    0.1200000000E+01    0.7200000000E+00
     141    0.4800000000E+00    0.1200000000E+01    0.7200000000E+00
     142    0.7200000000E+00    0.1200000000E+01    0.7200000000E+00
     143    0.9600000000E+00    0.1200000000E+01    0.7200000000E+00
     144    0.1200000000E+01    0.1200000000E+01    0.7200000000E+00
     145    0.0000000000E+00    0.0000000000E+00    0.9600000000E+00
     146    0.2400000000E+00    0.0000000000E+00    0.9600000000E+00
     147    0.4800000000E+00    0.0000000000E+00    0.9600000000E+00
     148    0.7200000000E+00    0.0000000000E+00    0.9600000000E+00
     149    0.9600000000E+00    0.0000000000E+00    0.9600000000E+00
     150    0.1200000000E+01    0.0000000000E+00    0.9600000000E+00
     151    0.0000000000E+00    0.2400000000E+00    0.9600000000E+00
     152    0.2400000000E+00    0.2400000000E+00    0.9600000000E+00
     153    0.4800000000E+00    0.2400000000E+00    0.9600000000E+00
     154    0.7200000000E+00    0.2400000000E+00    0.9600000000E+00
     155    0.9600000000E+00    0.2400000000E+00    0.9600000000E+00
     156    0.1200000000E+01    0.2400000000E+00    0.9600000000E+00
     157    0.0000000000E+00    0.4800000000E+00    0.9600000000E+00
     158    0.2400000000E+00    0.4800000000E+00    0.9600000000E+00
     159    0.4800000000E+00    0.4800000000E+00    0.9600000000E+00
     160    0.7200000000E+00    0.4800000000E+00    0.9600000000E+00
     161    0.9600000000E+00    0.4800000000E+00    0.9600000000E+00
     162    0.1200000000E+01    0.4800000000E+00    0.9600000000E+00
     163    0.0000000000E+00    0.7200000000E+00    0.9600000000E+00
     164    0.2400000000E+00    0.7200000000E+00    0.9600000000E+00
     165    0.4800000000E+00    0.7200000000E+00    0.9600000000E+00
     166    0.7200000000E+00    0.7200000000E+00    0.9600000000E+00
     167    0.9600000000E+00    0.7200000000E+00    0.9600000000E+00
     168    0.1200000000E+01    0.7200000000E+00    0.9600000000E+00
     169    0.0000000000E+00    0.9600000000E+00    0.9600000000E+00
     170    0.2400000000E+00    0.9600000000E+00    0.9600000000E+00
     171    0.4800000000E+00    0.9600000000E+00    0.9600000000E+00
     172    0.7200000000E+00    0.9600000000E+00    0.9600000000E+00
     173    0.9600000000E+00    0.9600000000E+00    0.9600000000E+00
     174    0.1200000000E+01    0.9600000000E+00    0.9600000000E+00
     175    0.0000000000E+00    0.1200000000E+01    0.9600000000E+00
     176    0.2400000000E+00    0.1200000000E+01    0.9600000000E+00
     177    0.4800000000E+00    0.1200000000E+01    0.9600000000E+00
     178    0.7200000000E+00    0.1200000000E+01    0.9600000000E+00
     179    0.9600000000E+00    0.1200000000E+01    0.9600000000E+00
     180    0.1200000000E+01    0.1200000000E+01    0.9600000000E+00
     181    0.0000000000E+00    0.0000000000E+00    0.1200000000E+01
     182    0.2400000000E+00    0.0000000000E+00    0.1200000000E+01
     183    0.4800000000E+00    0.0000000000E+00    0.1200000000E+01
     184    0.7200000000E+00    0.0000000000E+00    0.1200000000E+01
     185    0.9600000000E+00    0.0000000000E+00    0.1200000000E+01
     186    0.1200000000E+01    0.0000000000E+00    0.1200000000E+01
     187    0.0000000000E+00    0.2400000000E+00    0.1200000000E+01
     188    0.2400000000E+00    0.2400000000E+00    0.1200000000E+01
     189    0.4800000000E+00    0.2400000000E+00    0.1200000000E+01
     190    0.7200000000E+00    0.2400000000E+00    0.1200000000E+01
     191    0.9600000000E+00    0.2400000000E+00    0.1200000000E+01
     192    0.1200000000E+01    0.2400000000E+00    0.1200000000E+01
     193    0.0000000000E+00    0.4800000000E+00    0.1200000000E+01
     194    0.2400000000E+00    0.4800000000E+00    0.1200000000E+01
     195    0.4800000000E+00    0.4800000000E+00    0.1200000000E+01
     196    0.7200000000E+00    0.4800000000E+00    0.1200000000E+01
     197    0.9600000000E+00    0.4800000000E+00    0.1200000000E+01
     198    0.1200000000E+01    0.4800000000E+00    0.1200000000E+01
     199    0.0000000000E+00    0.7200000000E+00    0.1200000000E+01
     200    0.2400000000E+00    0.7200000000E+00    0.1200000000E+01
     201    0.4800000000E+00    0.7200000000E+00    0.1200000000E+01
     202    0.7200000000E+00    0.7200000000E+00    0.1200000000E+01
     203    0.9600000000E+00    0.7200000000E+00    0.1200000000E+01
     204    0.1200000000E+01    0.7200000000E+00    0.1200000000E+01
     205    0.0000000000E+00    0.9600000000E+00    0.1200000000E+01
     206    0.2400000000E+00    0.9600000000E+00    0.1200000000E+01
     207    0.4800000000E+00    0.9600000000E+00    0.1200000000E+01
     208    0.7200000000E+00    0.9600000000E+00    0.1200000000E+01
     209    0.9600000000E+00    0.9600000000E+00    0.1200000000E+01
     210    0.1200000000E+01    0.9600000000E+00    0.1200000000E+01
     211    0.0000000000E+00    0.1200000000E+01    0.1200000000E+01
     212    0.2400000000E+00    0.1200000000E+01    0.1200000000E+01
     213    0.4800000000E+00    0.1200000000E+01    0.1200000000E+01
     214    0.7200000000E+00    0.1200000000E+01    0.1200000000E+01
     215    0.9600000000E+00    0.1200000000E+01    0.1200000000E+01
     216    0.1200000000E+01    0.1200000000E+01    0.1200000000E+01
       1       1       2       8       7      37      38      44      43
       2       2       3       9       8      38      39      45      44
       3       3       4      10       9      39      40      46      45
       4       4       5      11      10      40      41      47      46
       5       5       6      12      11      41      42      48      47
       6       7       8      14      13      43      44      50      49
       7       8       9      15      14      44      45      51      50
       8       9      10      16      15      45      46      52      51
       9      10      11      17      16      46      47      53      52
      10      11      12      18      17      47      48      54      53
      11      13      14      20      19      49      50      56      55
      12      14      15      21      20      50      51      57      56
      13      15      16      22      21      51      52      58      57
      14      16      17      23      22      52      53      59      58
      15      17      18      24      23      53      54      60      59
      16      19      20      26      25      55      56      62      61
      17      20      21      27      26      56      57      63      62
      18      21      22      28      27      57      58      64      63
      19      22      23      29      28      58      59      65      64
      20      23      24      30      29      59      60      66      65
      21      25      26      32      31      61      62      68      67
      22      26      27      33      32      62      63      69      68
      23      27      28      34      33      63      64      70      69
      24      28      29      35      34      64      65      71      70
      25      29      30      36      35      65      66      72      71
      26      37      38      44      43      73      74      80      79
      27      38      39      45      44      74      75      81      80
      28      39      40      46      45      75      76      82      81
      29      40      41      47      46      76      77      83      82
      30      41      42      48      47      77      78      84      83
      31      43      44      50      49      79      80      86      85
      32      44      45      51      50      80      81      87      86
      33      45      46      52      51      81      82      88      87
      34      46      47      53      52      82      83      89      88
      35      47      48      54      53      83      84      90      89
      36      49      50      56      55      85      86      92      91
      37      50      51      57      56      86      87      93      92
      38      51      52      58      57      87      88      94      93
      39      52      53      59      58      88      89      95      94
      40      53      54      60      59      89      90      96      95
      41      55      56      62      61      91      92      98      97
      42      56      57      63      62      92      93      99      98
      43      57      58      64      63      93      94     100      99
      44      58      59      65      64      94      95     101     100
      45      59      60      66      65      95      96     102     101
      46      61      62      68      67      97      98     104     103
      47      62      63      69      68      98      99     105     104
      48      63      64      70      69      99     100     106     105
      49      64      65      71      70     100     101     107     106
      50      65      66      72      71     101     102     108     107
      51      73      74      80      79     109     110     116     115
      52      74      75      81      80     110     111     117     116
      53      75      76      82      81     111     112     118     117
      54      76      77      83      82     112     113     119     118
      55      77      78      84      83     113     114     120     119
      56      79      80      86      85     115     116     122     121
      57      80      81      87      86     116     117     123     122
      58      81      82      88      87     117     118     124     123
      59      82      83      89      88     118     119     125     124
      60      83      84      90      89     119     120     126     125
      61      85      86      92      91     121     122     128     127
      62      86      87      93      92     122     123     129     128
      63      87      88      94      93     123     124     130     129
      64      88      89      95      94     124     125     131     130
      65      89      90      96      95     125     126     132     131
      66      91      92      98      97     127     128     134     133
      67      92      93      99      98     128     129     135     134
      68      93      94     100      99     129     130     136     135
      69      94      95     101     100     130     131     137     136
      70      95      96     102     101     131     132     138     137
      71      97      98     104     103     133     134     140     139
      72      98      99     105     104     134     135     141     140
      73      99     100     106     105     135     136     142     141
      74     100     101     107     106     136     137     143     142
      75     101     102     108     107     137     138     144     143
      76     109     110     116     115     145     146     152     151
      77     110     111     117     116     146     147     153     152
      78     111     112     118     117     147     148     154     153
      79     112     113     119     118     148     149     155     154
      80     113     114     120     119     149     150     156     155
      81     115     116     122     121     151     152     158     157
      82     116     117     123     122     152     153     159     158
      83     117     118     124     123     153     154     160     159
      84     118     119     125     124     154     155     161     160
      85     119     120     126     125     155     156     162     161
      86     121     122     128     127     157     158     164     163
      87     122     123     129     128     158     159     165     164
      88     123     124     130     129     159     160     166     165
      89     124     125     131     130     160     161     167     166
      90     125     126     132     131     161     162     168     167
      91     127     128     134     133     163     164     170     169
      92     128     129     135     134     164     165     171     170
      93     129     130     136     135     165     166     172     171
      94     130     131     137     136     166     167     173     172
      95     131     132     138     137     167     168     174     173
      96     133     134     140     139     169     170     176     175
      97     134     135     141     140     170     171     177     176
      98     135     136     142     141     171     172     178     177
      99     136     137     143     142     172     173     179     178
     100     137     138     144     143     173     174     180     179
     101     145     146     152     151     181     182     188     187
     102     146     147     153     152     182     183     189     188
     103     147     148     154     153     183     184     190     189
     104     148     149     155     154     184     185     191     190
     105     149     150     156     155     185     186     192     191
     106     151     152     158     157     187     188     194     193
     107     152     153     159     158     188     189     195     194
     108     153     154     160     159     189     190     196     195
     109     154     155     161     160     190     191     197     196
     110     155     156     162     161     191     192     198     197
     111     157     158     164     163     193     194     200     199
     112     158     159     165     164     194     195     201     200
     113     159     160     166     165     195     196     202     201
     114     160     161     167     166     196     197     203     202
     115     161     162     168     167     197     198     204     203
     116     163     164     170     169     199     200     206     205
     117     164     165     171     170     200     201     207     206
     118     165     166     172     171     201     202     208     207
     119     166     167     173     172     202     203     209     208
     120     167     168     174     173     203     204     210     209
     121     169     170     176     175     205     206     212     211
     122     170     171     177     176     206     207     213     212
     123     171     172     178     177     207     208     214     213
     124     172     173     179     178     208     209     215     214
     125     173     174     180     179     209     210     216     215
