3		675		416
0.50000E-04		1000		20
1
0.3400000000E+00		0.1170000000E+12       8960.0
       1    0.0000000000E+00    0.0000000000E+00    0.0000000000E+00
       2    0.2000000000E+00    0.0000000000E+00    0.0000000000E+00
       3    0.4000000000E+00    0.0000000000E+00    0.0000000000E+00
       4    0.6000000000E+00    0.0000000000E+00    0.0000000000E+00
       5    0.8000000000E+00    0.0000000000E+00    0.0000000000E+00
       6    0.0000000000E+00    0.2000000000E+00    0.0000000000E+00
       7    0.2000000000E+00    0.2000000000E+00    0.0000000000E+00
       8    0.4000000000E+00    0.2000000000E+00    0.0000000000E+00
       9    0.6000000000E+00    0.2000000000E+00    0.0000000000E+00
      10    0.8000000000E+00    0.2000000000E+00    0.0000000000E+00
      11    0.0000000000E+00    0.4000000000E+00    0.0000000000E+00
      12    0.2000000000E+00    0.4000000000E+00    0.0000000000E+00
      13    0.4000000000E+00    0.4000000000E+00    0.0000000000E+00
      14    0.6000000000E+00    0.4000000000E+00    0.0000000000E+00
      15    0.8000000000E+00    0.4000000000E+00    0.0000000000E+00
      16    0.0000000000E+00    0.6000000000E+00    0.0000000000E+00
      17    0.2000000000E+00    0.6000000000E+00    0.0000000000E+00
      18    0.4000000000E+00    0.6000000000E+00    0.0000000000E+00
      19    0.6000000000E+00    0.6000000000E+00    0.0000000000E+00
      20    0.8000000000E+00    0.6000000000E+00    0.0000000000E+00
      21    0.0000000000E+00    0.8000000000E+00    0.0000000000E+00
      22    0.2000000000E+00    0.8000000000E+00    0.0000000000E+00
      23    0.4000000000E+00    0.8000000000E+00    0.0000000000E+00
      24    0.6000000000E+00    0.8000000000E+00    0.0000000000E+00
      25    0.8000000000E+00    0.8000000000E+00    0.0000000000E+00
      26    0.0000000000E+00    0.0000000000E+00    0.2000000000E+00
      27    0.2000000000E+00    0.0000000000E+00    0.2000000000E+00
      28    0.4000000000E+00    0.0000000000E+00    0.2000000000E+00
      29    0.6000000000E+00    0.0000000000E+00    0.2000000000E+00
      30    0.8000000000E+00    0.0000000000E+00    0.2000000000E+00
      31    0.0000000000E+00    0.2000000000E+00    0.2000000000E+00
      32    0.2000000000E+00    0.2000000000E+00    0.2000000000E+00
      33    0.4000000000E+00    0.2000000000E+00    0.2000000000E+00
      34    0.6000000000E+00    0.2000000000E+00    0.2000000000E+00
      35    0.8000000000E+00    0.2000000000E+00    0.2000000000E+00
      36    0.0000000000E+00    0.4000000000E+00    0.2000000000E+00
      37    0.2000000000E+00    0.4000000000E+00    0.2000000000E+00
      38    0.4000000000E+00    0.4000000000E+00    0.2000000000E+00
      39    0.6000000000E+00    0.4000000000E+00    0.2000000000E+00
      40    0.8000000000E+00    0.4000000000E+00    0.2000000000E+00
      41    0.0000000000E+00    0.6000000000E+00    0.2000000000E+00
      42    0.2000000000E+00    0.6000000000E+00    0.2000000000E+00
      43    0.4000000000E+00    0.6000000000E+00    0.2000000000E+00
      44    0.6000000000E+00    0.6000000000E+00    0.2000000000E+00
      45    0.8000000000E+00    0.6000000000E+00    0.2000000000E+00
      46    0.0000000000E+00    0.8000000000E+00    0.2000000000E+00
      47    0.2000000000E+00    0.8000000000E+00    0.2000000000E+00
      48    0.4000000000E+00    0.8000000000E+00    0.2000000000E+00
      49    0.6000000000E+00    0.8000000000E+00    0.2000000000E+00
      50    0.8000000000E+00    0.8000000000E+00    0.2000000000E+00
      51    0.0000000000E+00    0.0000000000E+00    0.4000000000E+00
      52    0.2000000000E+00    0.0000000000E+00    0.4000000000E+00
      53    0.4000000000E+00    0.0000000000E+00    0.4000000000E+00
      54    0.6000000000E+00    0.0000000000E+00    0.4000000000E+00
      55    0.8000000000E+00    0.0000000000E+00    0.4000000000E+00
      56    0.0000000000E+00    0.2000000000E+00    0.4000000000E+00
      57    0.2000000000E+00    0.2000000000E+00    0.4000000000E+00
      58    0.4000000000E+00    0.2000000000E+00    0.4000000000E+00
      59    0.6000000000E+00    0.2000000000E+00    0.4000000000E+00
      60    0.8000000000E+00    0.2000000000E+00    0.4000000000E+00
      61    0.0000000000E+00    0.4000000000E+00    0.4000000000E+00
      62    0.2000000000E+00    0.4000000000E+00    0.4000000000E+00
      63    0.4000000000E+00    0.4000000000E+00    0.4000000000E+00
      64    0.6000000000E+00    0.4000000000E+00    0.4000000000E+00
      65    0.8000000000E+00    0.4000000000E+00    0.4000000000E+00
      66    0.0000000000E+00    0.6000000000E+00    0.4000000000E+00
      67    0.2000000000E+00    0.6000000000E+00    0.4000000000E+00
      68    0.4000000000E+00    0.6000000000E+00    0.4000000000E+00
      69    0.6000000000E+00    0.6000000000E+00    0.4000000000E+00
      70    0.8000000000E+00    0.6000000000E+00    0.4000000000E+00
      71    0.0000000000E+00    0.8000000000E+00    0.4000000000E+00
      72    0.2000000000E+00    0.8000000000E+00    0.4000000000E+00
      73    0.4000000000E+00    0.8000000000E+00    0.4000000000E+00
      74    0.6000000000E+00    0.8000000000E+00    0.4000000000E+00
      75    0.8000000000E+00    0.8000000000E+00    0.4000000000E+00
      76    0.0000000000E+00    0.0000000000E+00    0.6000000000E+00
      77    0.2000000000E+00    0.0000000000E+00    0.6000000000E+00
      78    0.4000000000E+00    0.0000000000E+00    0.6000000000E+00
      79    0.6000000000E+00    0.0000000000E+00    0.6000000000E+00
      80    0.8000000000E+00    0.0000000000E+00    0.6000000000E+00
      81    0.0000000000E+00    0.2000000000E+00    0.6000000000E+00
      82    0.2000000000E+00    0.2000000000E+00    0.6000000000E+00
      83    0.4000000000E+00    0.2000000000E+00    0.6000000000E+00
      84    0.6000000000E+00    0.2000000000E+00    0.6000000000E+00
      85    0.8000000000E+00    0.2000000000E+00    0.6000000000E+00
      86    0.0000000000E+00    0.4000000000E+00    0.6000000000E+00
      87    0.2000000000E+00    0.4000000000E+00    0.6000000000E+00
      88    0.4000000000E+00    0.4000000000E+00    0.6000000000E+00
      89    0.6000000000E+00    0.4000000000E+00    0.6000000000E+00
      90    0.8000000000E+00    0.4000000000E+00    0.6000000000E+00
      91    0.0000000000E+00    0.6000000000E+00    0.6000000000E+00
      92    0.2000000000E+00    0.6000000000E+00    0.6000000000E+00
      93    0.4000000000E+00    0.6000000000E+00    0.6000000000E+00
      94    0.6000000000E+00    0.6000000000E+00    0.6000000000E+00
      95    0.8000000000E+00    0.6000000000E+00    0.6000000000E+00
      96    0.0000000000E+00    0.8000000000E+00    0.6000000000E+00
      97    0.2000000000E+00    0.8000000000E+00    0.6000000000E+00
      98    0.4000000000E+00    0.8000000000E+00    0.6000000000E+00
      99    0.6000000000E+00    0.8000000000E+00    0.6000000000E+00
     100    0.8000000000E+00    0.8000000000E+00    0.6000000000E+00
     101    0.0000000000E+00    0.0000000000E+00    0.8000000000E+00
     102    0.2000000000E+00    0.0000000000E+00    0.8000000000E+00
     103    0.4000000000E+00    0.0000000000E+00    0.8000000000E+00
     104    0.6000000000E+00    0.0000000000E+00    0.8000000000E+00
     105    0.8000000000E+00    0.0000000000E+00    0.8000000000E+00
     106    0.0000000000E+00    0.2000000000E+00    0.8000000000E+00
     107    0.2000000000E+00    0.2000000000E+00    0.8000000000E+00
     108    0.4000000000E+00    0.2000000000E+00    0.8000000000E+00
     109    0.6000000000E+00    0.2000000000E+00    0.8000000000E+00
     110    0.8000000000E+00    0.2000000000E+00    0.8000000000E+00
     111    0.0000000000E+00    0.4000000000E+00    0.8000000000E+00
     112    0.2000000000E+00    0.4000000000E+00    0.8000000000E+00
     113    0.4000000000E+00    0.4000000000E+00    0.8000000000E+00
     114    0.6000000000E+00    0.4000000000E+00    0.8000000000E+00
     115    0.8000000000E+00    0.4000000000E+00    0.8000000000E+00
     116    0.0000000000E+00    0.6000000000E+00    0.8000000000E+00
     117    0.2000000000E+00    0.6000000000E+00    0.8000000000E+00
     118    0.4000000000E+00    0.6000000000E+00    0.8000000000E+00
     119    0.6000000000E+00    0.6000000000E+00    0.8000000000E+00
     120    0.8000000000E+00    0.6000000000E+00    0.8000000000E+00
     121    0.0000000000E+00    0.8000000000E+00    0.8000000000E+00
     122    0.2000000000E+00    0.8000000000E+00    0.8000000000E+00
     123    0.4000000000E+00    0.8000000000E+00    0.8000000000E+00
     124    0.6000000000E+00    0.8000000000E+00    0.8000000000E+00
     125    0.8000000000E+00    0.8000000000E+00    0.8000000000E+00
     126    0.0000000000E+00    0.0000000000E+00    0.1000000000E+01
     127    0.2000000000E+00    0.0000000000E+00    0.1000000000E+01
     128    0.4000000000E+00    0.0000000000E+00    0.1000000000E+01
     129    0.6000000000E+00    0.0000000000E+00    0.1000000000E+01
     130    0.8000000000E+00    0.0000000000E+00    0.1000000000E+01
     131    0.0000000000E+00    0.2000000000E+00    0.1000000000E+01
     132    0.2000000000E+00    0.2000000000E+00    0.1000000000E+01
     133    0.4000000000E+00    0.2000000000E+00    0.1000000000E+01
     134    0.6000000000E+00    0.2000000000E+00    0.1000000000E+01
     135    0.8000000000E+00    0.2000000000E+00    0.1000000000E+01
     136    0.0000000000E+00    0.4000000000E+00    0.1000000000E+01
     137    0.2000000000E+00    0.4000000000E+00    0.1000000000E+01
     138    0.4000000000E+00    0.4000000000E+00    0.1000000000E+01
     139    0.6000000000E+00    0.4000000000E+00    0.1000000000E+01
     140    0.8000000000E+00    0.4000000000E+00    0.1000000000E+01
     141    0.0000000000E+00    0.6000000000E+00    0.1000000000E+01
     142    0.2000000000E+00    0.6000000000E+00    0.1000000000E+01
     143    0.4000000000E+00    0.6000000000E+00    0.1000000000E+01
     144    0.6000000000E+00    0.6000000000E+00    0.1000000000E+01
     145    0.8000000000E+00    0.6000000000E+00    0.1000000000E+01
     146    0.0000000000E+00    0.8000000000E+00    0.1000000000E+01
     147    0.2000000000E+00    0.8000000000E+00    0.1000000000E+01
     148    0.4000000000E+00    0.8000000000E+00    0.1000000000E+01
     149    0.6000000000E+00    0.8000000000E+00    0.1000000000E+01
     150    0.8000000000E+00    0.8000000000E+00    0.1000000000E+01
     151    0.0000000000E+00    0.0000000000E+00    0.1200000000E+01
     152    0.2000000000E+00    0.0000000000E+00    0.1200000000E+01
     153    0.4000000000E+00    0.0000000000E+00    0.1200000000E+01
     154    0.6000000000E+00    0.0000000000E+00    0.1200000000E+01
     155    0.8000000000E+00    0.0000000000E+00    0.1200000000E+01
     156    0.0000000000E+00    0.2000000000E+00    0.1200000000E+01
     157    0.2000000000E+00    0.2000000000E+00    0.1200000000E+01
     158    0.4000000000E+00    0.2000000000E+00    0.1200000000E+01
     159    0.6000000000E+00    0.2000000000E+00    0.1200000000E+01
     160    0.8000000000E+00    0.2000000000E+00    0.1200000000E+01
     161    0.0000000000E+00    0.4000000000E+00    0.1200000000E+01
     162    0.2000000000E+00    0.4000000000E+00    0.1200000000E+01
     163    0.4000000000E+00    0.4000000000E+00    0.1200000000E+01
     164    0.6000000000E+00    0.4000000000E+00    0.1200000000E+01
     165    0.8000000000E+00    0.4000000000E+00    0.1200000000E+01
     166    0.0000000000E+00    0.6000000000E+00    0.1200000000E+01
     167    0.2000000000E+00    0.6000000000E+00    0.1200000000E+01
     168    0.4000000000E+00    0.6000000000E+00    0.1200000000E+01
     169    0.6000000000E+00    0.6000000000E+00    0.1200000000E+01
     170    0.8000000000E+00    0.6000000000E+00    0.1200000000E+01
     171    0.0000000000E+00    0.8000000000E+00    0.1200000000E+01
     172    0.2000000000E+00    0.8000000000E+00    0.1200000000E+01
     173    0.4000000000E+00    0.8000000000E+00    0.1200000000E+01
     174    0.6000000000E+00    0.8000000000E+00    0.1200000000E+01
     175    0.8000000000E+00    0.8000000000E+00    0.1200000000E+01
     176    0.0000000000E+00    0.0000000000E+00    0.1400000000E+01
     177    0.2000000000E+00    0.0000000000E+00    0.1400000000E+01
     178    0.4000000000E+00    0.0000000000E+00    0.1400000000E+01
     179    0.6000000000E+00    0.0000000000E+00    0.1400000000E+01
     180    0.8000000000E+00    0.0000000000E+00    0.1400000000E+01
     181    0.0000000000E+00    0.2000000000E+00    0.1400000000E+01
     182    0.2000000000E+00    0.2000000000E+00    0.1400000000E+01
     183    0.4000000000E+00    0.2000000000E+00    0.1400000000E+01
     184    0.6000000000E+00    0.2000000000E+00    0.1400000000E+01
     185    0.8000000000E+00    0.2000000000E+00    0.1400000000E+01
     186    0.0000000000E+00    0.4000000000E+00    0.1400000000E+01
     187    0.2000000000E+00    0.4000000000E+00    0.1400000000E+01
     188    0.4000000000E+00    0.4000000000E+00    0.1400000000E+01
     189    0.6000000000E+00    0.4000000000E+00    0.1400000000E+01
     190    0.8000000000E+00    0.4000000000E+00    0.1400000000E+01
     191    0.0000000000E+00    0.6000000000E+00    0.1400000000E+01
     192    0.2000000000E+00    0.6000000000E+00    0.1400000000E+01
     193    0.4000000000E+00    0.6000000000E+00    0.1400000000E+01
     194    0.6000000000E+00    0.6000000000E+00    0.1400000000E+01
     195    0.8000000000E+00    0.6000000000E+00    0.1400000000E+01
     196    0.0000000000E+00    0.8000000000E+00    0.1400000000E+01
     197    0.2000000000E+00    0.8000000000E+00    0.1400000000E+01
     198    0.4000000000E+00    0.8000000000E+00    0.1400000000E+01
     199    0.6000000000E+00    0.8000000000E+00    0.1400000000E+01
     200    0.8000000000E+00    0.8000000000E+00    0.1400000000E+01
     201    0.0000000000E+00    0.0000000000E+00    0.1600000000E+01
     202    0.2000000000E+00    0.0000000000E+00    0.1600000000E+01
     203    0.4000000000E+00    0.0000000000E+00    0.1600000000E+01
     204    0.6000000000E+00    0.0000000000E+00    0.1600000000E+01
     205    0.8000000000E+00    0.0000000000E+00    0.1600000000E+01
     206    0.0000000000E+00    0.2000000000E+00    0.1600000000E+01
     207    0.2000000000E+00    0.2000000000E+00    0.1600000000E+01
     208    0.4000000000E+00    0.2000000000E+00    0.1600000000E+01
     209    0.6000000000E+00    0.2000000000E+00    0.1600000000E+01
     210    0.8000000000E+00    0.2000000000E+00    0.1600000000E+01
     211    0.0000000000E+00    0.4000000000E+00    0.1600000000E+01
     212    0.2000000000E+00    0.4000000000E+00    0.1600000000E+01
     213    0.4000000000E+00    0.4000000000E+00    0.1600000000E+01
     214    0.6000000000E+00    0.4000000000E+00    0.1600000000E+01
     215    0.8000000000E+00    0.4000000000E+00    0.1600000000E+01
     216    0.0000000000E+00    0.6000000000E+00    0.1600000000E+01
     217    0.2000000000E+00    0.6000000000E+00    0.1600000000E+01
     218    0.4000000000E+00    0.6000000000E+00    0.1600000000E+01
     219    0.6000000000E+00    0.6000000000E+00    0.1600000000E+01
     220    0.8000000000E+00    0.6000000000E+00    0.1600000000E+01
     221    0.0000000000E+00    0.8000000000E+00    0.1600000000E+01
     222    0.2000000000E+00    0.8000000000E+00    0.1600000000E+01
     223    0.4000000000E+00    0.8000000000E+00    0.1600000000E+01
     224    0.6000000000E+00    0.8000000000E+00    0.1600000000E+01
     225    0.8000000000E+00    0.8000000000E+00    0.1600000000E+01
     226    0.0000000000E+00    0.0000000000E+00    0.1800000000E+01
     227    0.2000000000E+00    0.0000000000E+00    0.1800000000E+01
     228    0.4000000000E+00    0.0000000000E+00    0.1800000000E+01
     229    0.6000000000E+00    0.0000000000E+00    0.1800000000E+01
     230    0.8000000000E+00    0.0000000000E+00    0.1800000000E+01
     231    0.0000000000E+00    0.2000000000E+00    0.1800000000E+01
     232    0.2000000000E+00    0.2000000000E+00    0.1800000000E+01
     233    0.4000000000E+00    0.2000000000E+00    0.1800000000E+01
     234    0.6000000000E+00    0.2000000000E+00    0.1800000000E+01
     235    0.8000000000E+00    0.2000000000E+00    0.1800000000E+01
     236    0.0000000000E+00    0.4000000000E+00    0.1800000000E+01
     237    0.2000000000E+00    0.4000000000E+00    0.1800000000E+01
     238    0.4000000000E+00    0.4000000000E+00    0.1800000000E+01
     239    0.6000000000E+00    0.4000000000E+00    0.1800000000E+01
     240    0.8000000000E+00    0.4000000000E+00    0.1800000000E+01
     241    0.0000000000E+00    0.6000000000E+00    0.1800000000E+01
     242    0.2000000000E+00    0.6000000000E+00    0.1800000000E+01
     243    0.4000000000E+00    0.6000000000E+00    0.1800000000E+01
     244    0.6000000000E+00    0.6000000000E+00    0.1800000000E+01
     245    0.8000000000E+00    0.6000000000E+00    0.1800000000E+01
     246    0.0000000000E+00    0.8000000000E+00    0.1800000000E+01
     247    0.2000000000E+00    0.8000000000E+00    0.1800000000E+01
     248    0.4000000000E+00    0.8000000000E+00    0.1800000000E+01
     249    0.6000000000E+00    0.8000000000E+00    0.1800000000E+01
     250    0.8000000000E+00    0.8000000000E+00    0.1800000000E+01
     251    0.0000000000E+00    0.0000000000E+00    0.2000000000E+01
     252    0.2000000000E+00    0.0000000000E+00    0.2000000000E+01
     253    0.4000000000E+00    0.0000000000E+00    0.2000000000E+01
     254    0.6000000000E+00    0.0000000000E+00    0.2000000000E+01
     255    0.8000000000E+00    0.0000000000E+00    0.2000000000E+01
     256    0.0000000000E+00    0.2000000000E+00    0.2000000000E+01
     257    0.2000000000E+00    0.2000000000E+00    0.2000000000E+01
     258    0.4000000000E+00    0.2000000000E+00    0.2000000000E+01
     259    0.6000000000E+00    0.2000000000E+00    0.2000000000E+01
     260    0.8000000000E+00    0.2000000000E+00    0.2000000000E+01
     261    0.0000000000E+00    0.4000000000E+00    0.2000000000E+01
     262    0.2000000000E+00    0.4000000000E+00    0.2000000000E+01
     263    0.4000000000E+00    0.4000000000E+00    0.2000000000E+01
     264    0.6000000000E+00    0.4000000000E+00    0.2000000000E+01
     265    0.8000000000E+00    0.4000000000E+00    0.2000000000E+01
     266    0.0000000000E+00    0.6000000000E+00    0.2000000000E+01
     267    0.2000000000E+00    0.6000000000E+00    0.2000000000E+01
     268    0.4000000000E+00    0.6000000000E+00    0.2000000000E+01
     269    0.6000000000E+00    0.6000000000E+00    0.2000000000E+01
     270    0.8000000000E+00    0.6000000000E+00    0.2000000000E+01
     271    0.0000000000E+00    0.8000000000E+00    0.2000000000E+01
     272    0.2000000000E+00    0.8000000000E+00    0.2000000000E+01
     273    0.4000000000E+00    0.8000000000E+00    0.2000000000E+01
     274    0.6000000000E+00    0.8000000000E+00    0.2000000000E+01
     275    0.8000000000E+00    0.8000000000E+00    0.2000000000E+01
     276    0.0000000000E+00    0.0000000000E+00    0.2200000000E+01
     277    0.2000000000E+00    0.0000000000E+00    0.2200000000E+01
     278    0.4000000000E+00    0.0000000000E+00    0.2200000000E+01
     279    0.6000000000E+00    0.0000000000E+00    0.2200000000E+01
     280    0.8000000000E+00    0.0000000000E+00    0.2200000000E+01
     281    0.0000000000E+00    0.2000000000E+00    0.2200000000E+01
     282    0.2000000000E+00    0.2000000000E+00    0.2200000000E+01
     283    0.4000000000E+00    0.2000000000E+00    0.2200000000E+01
     284    0.6000000000E+00    0.2000000000E+00    0.2200000000E+01
     285    0.8000000000E+00    0.2000000000E+00    0.2200000000E+01
     286    0.0000000000E+00    0.4000000000E+00    0.2200000000E+01
     287    0.2000000000E+00    0.4000000000E+00    0.2200000000E+01
     288    0.4000000000E+00    0.4000000000E+00    0.2200000000E+01
     289    0.6000000000E+00    0.4000000000E+00    0.2200000000E+01
     290    0.8000000000E+00    0.4000000000E+00    0.2200000000E+01
     291    0.0000000000E+00    0.6000000000E+00    0.2200000000E+01
     292    0.2000000000E+00    0.6000000000E+00    0.2200000000E+01
     293    0.4000000000E+00    0.6000000000E+00    0.2200000000E+01
     294    0.6000000000E+00    0.6000000000E+00    0.2200000000E+01
     295    0.8000000000E+00    0.6000000000E+00    0.2200000000E+01
     296    0.0000000000E+00    0.8000000000E+00    0.2200000000E+01
     297    0.2000000000E+00    0.8000000000E+00    0.2200000000E+01
     298    0.4000000000E+00    0.8000000000E+00    0.2200000000E+01
     299    0.6000000000E+00    0.8000000000E+00    0.2200000000E+01
     300    0.8000000000E+00    0.8000000000E+00    0.2200000000E+01
     301    0.0000000000E+00    0.0000000000E+00    0.2400000000E+01
     302    0.2000000000E+00    0.0000000000E+00    0.2400000000E+01
     303    0.4000000000E+00    0.0000000000E+00    0.2400000000E+01
     304    0.6000000000E+00    0.0000000000E+00    0.2400000000E+01
     305    0.8000000000E+00    0.0000000000E+00    0.2400000000E+01
     306    0.0000000000E+00    0.2000000000E+00    0.2400000000E+01
     307    0.2000000000E+00    0.2000000000E+00    0.2400000000E+01
     308    0.4000000000E+00    0.2000000000E+00    0.2400000000E+01
     309    0.6000000000E+00    0.2000000000E+00    0.2400000000E+01
     310    0.8000000000E+00    0.2000000000E+00    0.2400000000E+01
     311    0.0000000000E+00    0.4000000000E+00    0.2400000000E+01
     312    0.2000000000E+00    0.4000000000E+00    0.2400000000E+01
     313    0.4000000000E+00    0.4000000000E+00    0.2400000000E+01
     314    0.6000000000E+00    0.4000000000E+00    0.2400000000E+01
     315    0.8000000000E+00    0.4000000000E+00    0.2400000000E+01
     316    0.0000000000E+00    0.6000000000E+00    0.2400000000E+01
     317    0.2000000000E+00    0.6000000000E+00    0.2400000000E+01
     318    0.4000000000E+00    0.6000000000E+00    0.2400000000E+01
     319    0.6000000000E+00    0.6000000000E+00    0.2400000000E+01
     320    0.8000000000E+00    0.6000000000E+00    0.2400000000E+01
     321    0.0000000000E+00    0.8000000000E+00    0.2400000000E+01
     322    0.2000000000E+00    0.8000000000E+00    0.2400000000E+01
     323    0.4000000000E+00    0.8000000000E+00    0.2400000000E+01
     324    0.6000000000E+00    0.8000000000E+00    0.2400000000E+01
     325    0.8000000000E+00    0.8000000000E+00    0.2400000000E+01
     326    0.0000000000E+00    0.0000000000E+00    0.2600000000E+01
     327    0.2000000000E+00    0.0000000000E+00    0.2600000000E+01
     328    0.4000000000E+00    0.0000000000E+00    0.2600000000E+01
     329    0.6000000000E+00    0.0000000000E+00    0.2600000000E+01
     330    0.8000000000E+00    0.0000000000E+00    0.2600000000E+01
     331    0.0000000000E+00    0.2000000000E+00    0.2600000000E+01
     332    0.2000000000E+00    0.2000000000E+00    0.2600000000E+01
     333    0.4000000000E+00    0.2000000000E+00    0.2600000000E+01
     334    0.6000000000E+00    0.2000000000E+00    0.2600000000E+01
     335    0.8000000000E+00    0.2000000000E+00    0.2600000000E+01
     336    0.0000000000E+00    0.4000000000E+00    0.2600000000E+01
     337    0.2000000000E+00    0.4000000000E+00    0.2600000000E+01
     338    0.4000000000E+00    0.4000000000E+00    0.2600000000E+01
     339    0.6000000000E+00    0.4000000000E+00    0.2600000000E+01
     340    0.8000000000E+00    0.4000000000E+00    0.2600000000E+01
     341    0.0000000000E+00    0.6000000000E+00    0.2600000000E+01
     342    0.2000000000E+00    0.6000000000E+00    0.2600000000E+01
     343    0.4000000000E+00    0.6000000000E+00    0.2600000000E+01
     344    0.6000000000E+00    0.6000000000E+00    0.2600000000E+01
     345    0.8000000000E+00    0.6000000000E+00    0.2600000000E+01
     346    0.0000000000E+00    0.8000000000E+00    0.2600000000E+01
     347    0.2000000000E+00    0.8000000000E+00    0.2600000000E+01
     348    0.4000000000E+00    0.8000000000E+00    0.2600000000E+01
     349    0.6000000000E+00    0.8000000000E+00    0.2600000000E+01
     350    0.8000000000E+00    0.8000000000E+00    0.2600000000E+01
     351    0.0000000000E+00    0.0000000000E+00    0.2800000000E+01
     352    0.2000000000E+00    0.0000000000E+00    0.2800000000E+01
     353    0.4000000000E+00    0.0000000000E+00    0.2800000000E+01
     354    0.6000000000E+00    0.0000000000E+00    0.2800000000E+01
     355    0.8000000000E+00    0.0000000000E+00    0.2800000000E+01
     356    0.0000000000E+00    0.2000000000E+00    0.2800000000E+01
     357    0.2000000000E+00    0.2000000000E+00    0.2800000000E+01
     358    0.4000000000E+00    0.2000000000E+00    0.2800000000E+01
     359    0.6000000000E+00    0.2000000000E+00    0.2800000000E+01
     360    0.8000000000E+00    0.2000000000E+00    0.2800000000E+01
     361    0.0000000000E+00    0.4000000000E+00    0.2800000000E+01
     362    0.2000000000E+00    0.4000000000E+00    0.2800000000E+01
     363    0.4000000000E+00    0.4000000000E+00    0.2800000000E+01
     364    0.6000000000E+00    0.4000000000E+00    0.2800000000E+01
     365    0.8000000000E+00    0.4000000000E+00    0.2800000000E+01
     366    0.0000000000E+00    0.6000000000E+00    0.2800000000E+01
     367    0.2000000000E+00    0.6000000000E+00    0.2800000000E+01
     368    0.4000000000E+00    0.6000000000E+00    0.2800000000E+01
     369    0.6000000000E+00    0.6000000000E+00    0.2800000000E+01
     370    0.8000000000E+00    0.6000000000E+00    0.2800000000E+01
     371    0.0000000000E+00    0.8000000000E+00    0.2800000000E+01
     372    0.2000000000E+00    0.8000000000E+00    0.2800000000E+01
     373    0.4000000000E+00    0.8000000000E+00    0.2800000000E+01
     374    0.6000000000E+00    0.8000000000E+00    0.2800000000E+01
     375    0.8000000000E+00    0.8000000000E+00    0.2800000000E+01
     376    0.0000000000E+00    0.0000000000E+00    0.3000000000E+01
     377    0.2000000000E+00    0.0000000000E+00    0.3000000000E+01
     378    0.4000000000E+00    0.0000000000E+00    0.3000000000E+01
     379    0.6000000000E+00    0.0000000000E+00    0.3000000000E+01
     380    0.8000000000E+00    0.0000000000E+00    0.3000000000E+01
     381    0.0000000000E+00    0.2000000000E+00    0.3000000000E+01
     382    0.2000000000E+00    0.2000000000E+00    0.3000000000E+01
     383    0.4000000000E+00    0.2000000000E+00    0.3000000000E+01
     384    0.6000000000E+00    0.2000000000E+00    0.3000000000E+01
     385    0.8000000000E+00    0.2000000000E+00    0.3000000000E+01
     386    0.0000000000E+00    0.4000000000E+00    0.3000000000E+01
     387    0.2000000000E+00    0.4000000000E+00    0.3000000000E+01
     388    0.4000000000E+00    0.4000000000E+00    0.3000000000E+01
     389    0.6000000000E+00    0.4000000000E+00    0.3000000000E+01
     390    0.8000000000E+00    0.4000000000E+00    0.3000000000E+01
     391    0.0000000000E+00    0.6000000000E+00    0.3000000000E+01
     392    0.2000000000E+00    0.6000000000E+00    0.3000000000E+01
     393    0.4000000000E+00    0.6000000000E+00    0.3000000000E+01
     394    0.6000000000E+00    0.6000000000E+00    0.3000000000E+01
     395    0.8000000000E+00    0.6000000000E+00    0.3000000000E+01
     396    0.0000000000E+00    0.8000000000E+00    0.3000000000E+01
     397    0.2000000000E+00    0.8000000000E+00    0.3000000000E+01
     398    0.4000000000E+00    0.8000000000E+00    0.3000000000E+01
     399    0.6000000000E+00    0.8000000000E+00    0.3000000000E+01
     400    0.8000000000E+00    0.8000000000E+00    0.3000000000E+01
     401    0.0000000000E+00    0.0000000000E+00    0.3200000000E+01
     402    0.2000000000E+00    0.0000000000E+00    0.3200000000E+01
     403    0.4000000000E+00    0.0000000000E+00    0.3200000000E+01
     404    0.6000000000E+00    0.0000000000E+00    0.3200000000E+01
     405    0.8000000000E+00    0.0000000000E+00    0.3200000000E+01
     406    0.0000000000E+00    0.2000000000E+00    0.3200000000E+01
     407    0.2000000000E+00    0.2000000000E+00    0.3200000000E+01
     408    0.4000000000E+00    0.2000000000E+00    0.3200000000E+01
     409    0.6000000000E+00    0.2000000000E+00    0.3200000000E+01
     410    0.8000000000E+00    0.2000000000E+00    0.3200000000E+01
     411    0.0000000000E+00    0.4000000000E+00    0.3200000000E+01
     412    0.2000000000E+00    0.4000000000E+00    0.3200000000E+01
     413    0.4000000000E+00    0.4000000000E+00    0.3200000000E+01
     414    0.6000000000E+00    0.4000000000E+00    0.3200000000E+01
     415    0.8000000000E+00    0.4000000000E+00    0.3200000000E+01
     416    0.0000000000E+00    0.6000000000E+00    0.3200000000E+01
     417    0.2000000000E+00    0.6000000000E+00    0.3200000000E+01
     418    0.4000000000E+00    0.6000000000E+00    0.3200000000E+01
     419    0.6000000000E+00    0.6000000000E+00    0.3200000000E+01
     420    0.8000000000E+00    0.6000000000E+00    0.3200000000E+01
     421    0.0000000000E+00    0.8000000000E+00    0.3200000000E+01
     422    0.2000000000E+00    0.8000000000E+00    0.3200000000E+01
     423    0.4000000000E+00    0.8000000000E+00    0.3200000000E+01
     424    0.6000000000E+00    0.8000000000E+00    0.3200000000E+01
     425    0.8000000000E+00    0.8000000000E+00    0.3200000000E+01
     426    0.0000000000E+00    0.0000000000E+00    0.3400000000E+01
     427    0.2000000000E+00    0.0000000000E+00    0.3400000000E+01
     428    0.4000000000E+00    0.0000000000E+00    0.3400000000E+01
     429    0.6000000000E+00    0.0000000000E+00    0.3400000000E+01
     430    0.8000000000E+00    0.0000000000E+00    0.3400000000E+01
     431    0.0000000000E+00    0.2000000000E+00    0.3400000000E+01
     432    0.2000000000E+00    0.2000000000E+00    0.3400000000E+01
     433    0.4000000000E+00    0.2000000000E+00    0.3400000000E+01
     434    0.6000000000E+00    0.2000000000E+00    0.3400000000E+01
     435    0.8000000000E+00    0.2000000000E+00    0.3400000000E+01
     436    0.0000000000E+00    0.4000000000E+00    0.3400000000E+01
     437    0.2000000000E+00    0.4000000000E+00    0.3400000000E+01
     438    0.4000000000E+00    0.4000000000E+00    0.3400000000E+01
     439    0.6000000000E+00    0.4000000000E+00    0.3400000000E+01
     440    0.8000000000E+00    0.4000000000E+00    0.3400000000E+01
     441    0.0000000000E+00    0.6000000000E+00    0.3400000000E+01
     442    0.2000000000E+00    0.6000000000E+00    0.3400000000E+01
     443    0.4000000000E+00    0.6000000000E+00    0.3400000000E+01
     444    0.6000000000E+00    0.6000000000E+00    0.3400000000E+01
     445    0.8000000000E+00    0.6000000000E+00    0.3400000000E+01
     446    0.0000000000E+00    0.8000000000E+00    0.3400000000E+01
     447    0.2000000000E+00    0.8000000000E+00    0.3400000000E+01
     448    0.4000000000E+00    0.8000000000E+00    0.3400000000E+01
     449    0.6000000000E+00    0.8000000000E+00    0.3400000000E+01
     450    0.8000000000E+00    0.8000000000E+00    0.3400000000E+01
     451    0.0000000000E+00    0.0000000000E+00    0.3600000000E+01
     452    0.2000000000E+00    0.0000000000E+00    0.3600000000E+01
     453    0.4000000000E+00    0.0000000000E+00    0.3600000000E+01
     454    0.6000000000E+00    0.0000000000E+00    0.3600000000E+01
     455    0.8000000000E+00    0.0000000000E+00    0.3600000000E+01
     456    0.0000000000E+00    0.2000000000E+00    0.3600000000E+01
     457    0.2000000000E+00    0.2000000000E+00    0.3600000000E+01
     458    0.4000000000E+00    0.2000000000E+00    0.3600000000E+01
     459    0.6000000000E+00    0.2000000000E+00    0.3600000000E+01
     460    0.8000000000E+00    0.2000000000E+00    0.3600000000E+01
     461    0.0000000000E+00    0.4000000000E+00    0.3600000000E+01
     462    0.2000000000E+00    0.4000000000E+00    0.3600000000E+01
     463    0.4000000000E+00    0.4000000000E+00    0.3600000000E+01
     464    0.6000000000E+00    0.4000000000E+00    0.3600000000E+01
     465    0.8000000000E+00    0.4000000000E+00    0.3600000000E+01
     466    0.0000000000E+00    0.6000000000E+00    0.3600000000E+01
     467    0.2000000000E+00    0.6000000000E+00    0.3600000000E+01
     468    0.4000000000E+00    0.6000000000E+00    0.3600000000E+01
     469    0.6000000000E+00    0.6000000000E+00    0.3600000000E+01
     470    0.8000000000E+00    0.6000000000E+00    0.3600000000E+01
     471    0.0000000000E+00    0.8000000000E+00    0.3600000000E+01
     472    0.2000000000E+00    0.8000000000E+00    0.3600000000E+01
     473    0.4000000000E+00    0.8000000000E+00    0.3600000000E+01
     474    0.6000000000E+00    0.8000000000E+00    0.3600000000E+01
     475    0.8000000000E+00    0.8000000000E+00    0.3600000000E+01
     476    0.0000000000E+00    0.0000000000E+00    0.3800000000E+01
     477    0.2000000000E+00    0.0000000000E+00    0.3800000000E+01
     478    0.4000000000E+00    0.0000000000E+00    0.3800000000E+01
     479    0.6000000000E+00    0.0000000000E+00    0.3800000000E+01
     480    0.8000000000E+00    0.0000000000E+00    0.3800000000E+01
     481    0.0000000000E+00    0.2000000000E+00    0.3800000000E+01
     482    0.2000000000E+00    0.2000000000E+00    0.3800000000E+01
     483    0.4000000000E+00    0.2000000000E+00    0.3800000000E+01
     484    0.6000000000E+00    0.2000000000E+00    0.3800000000E+01
     485    0.8000000000E+00    0.2000000000E+00    0.3800000000E+01
     486    0.0000000000E+00    0.4000000000E+00    0.3800000000E+01
     487    0.2000000000E+00    0.4000000000E+00    0.3800000000E+01
     488    0.4000000000E+00    0.4000000000E+00    0.3800000000E+01
     489    0.6000000000E+00    0.4000000000E+00    0.3800000000E+01
     490    0.8000000000E+00    0.4000000000E+00    0.3800000000E+01
     491    0.0000000000E+00    0.6000000000E+00    0.3800000000E+01
     492    0.2000000000E+00    0.6000000000E+00    0.3800000000E+01
     493    0.4000000000E+00    0.6000000000E+00    0.3800000000E+01
     494    0.6000000000E+00    0.6000000000E+00    0.3800000000E+01
     495    0.8000000000E+00    0.6000000000E+00    0.3800000000E+01
     496    0.0000000000E+00    0.8000000000E+00    0.3800000000E+01
     497    0.2000000000E+00    0.8000000000E+00    0.3800000000E+01
     498    0.4000000000E+00    0.8000000000E+00    0.3800000000E+01
     499    0.6000000000E+00    0.8000000000E+00    0.3800000000E+01
     500    0.8000000000E+00    0.8000000000E+00    0.3800000000E+01
     501    0.0000000000E+00    0.0000000000E+00    0.4000000000E+01
     502    0.2000000000E+00    0.0000000000E+00    0.4000000000E+01
     503    0.4000000000E+00    0.0000000000E+00    0.4000000000E+01
     504    0.6000000000E+00    0.0000000000E+00    0.4000000000E+01
     505    0.8000000000E+00    0.0000000000E+00    0.4000000000E+01
     506    0.0000000000E+00    0.2000000000E+00    0.4000000000E+01
     507    0.2000000000E+00    0.2000000000E+00    0.4000000000E+01
     508    0.4000000000E+00    0.2000000000E+00    0.4000000000E+01
     509    0.6000000000E+00    0.2000000000E+00    0.4000000000E+01
     510    0.8000000000E+00    0.2000000000E+00    0.4000000000E+01
     511    0.0000000000E+00    0.4000000000E+00    0.4000000000E+01
     512    0.2000000000E+00    0.4000000000E+00    0.4000000000E+01
     513    0.4000000000E+00    0.4000000000E+00    0.4000000000E+01
     514    0.6000000000E+00    0.4000000000E+00    0.4000000000E+01
     515    0.8000000000E+00    0.4000000000E+00    0.4000000000E+01
     516    0.0000000000E+00    0.6000000000E+00    0.4000000000E+01
     517    0.2000000000E+00    0.6000000000E+00    0.4000000000E+01
     518    0.4000000000E+00    0.6000000000E+00    0.4000000000E+01
     519    0.6000000000E+00    0.6000000000E+00    0.4000000000E+01
     520    0.8000000000E+00    0.6000000000E+00    0.4000000000E+01
     521    0.0000000000E+00    0.8000000000E+00    0.4000000000E+01
     522    0.2000000000E+00    0.8000000000E+00    0.4000000000E+01
     523    0.4000000000E+00    0.8000000000E+00    0.4000000000E+01
     524    0.6000000000E+00    0.8000000000E+00    0.4000000000E+01
     525    0.8000000000E+00    0.8000000000E+00    0.4000000000E+01
     526    0.0000000000E+00    0.0000000000E+00    0.4200000000E+01
     527    0.2000000000E+00    0.0000000000E+00    0.4200000000E+01
     528    0.4000000000E+00    0.0000000000E+00    0.4200000000E+01
     529    0.6000000000E+00    0.0000000000E+00    0.4200000000E+01
     530    0.8000000000E+00    0.0000000000E+00    0.4200000000E+01
     531    0.0000000000E+00    0.2000000000E+00    0.4200000000E+01
     532    0.2000000000E+00    0.2000000000E+00    0.4200000000E+01
     533    0.4000000000E+00    0.2000000000E+00    0.4200000000E+01
     534    0.6000000000E+00    0.2000000000E+00    0.4200000000E+01
     535    0.8000000000E+00    0.2000000000E+00    0.4200000000E+01
     536    0.0000000000E+00    0.4000000000E+00    0.4200000000E+01
     537    0.2000000000E+00    0.4000000000E+00    0.4200000000E+01
     538    0.4000000000E+00    0.4000000000E+00    0.4200000000E+01
     539    0.6000000000E+00    0.4000000000E+00    0.4200000000E+01
     540    0.8000000000E+00    0.4000000000E+00    0.4200000000E+01
     541    0.0000000000E+00    0.6000000000E+00    0.4200000000E+01
     542    0.2000000000E+00    0.6000000000E+00    0.4200000000E+01
     543    0.4000000000E+00    0.6000000000E+00    0.4200000000E+01
     544    0.6000000000E+00    0.6000000000E+00    0.4200000000E+01
     545    0.8000000000E+00    0.6000000000E+00    0.4200000000E+01
     546    0.0000000000E+00    0.8000000000E+00    0.4200000000E+01
     547    0.2000000000E+00    0.8000000000E+00    0.4200000000E+01
     548    0.4000000000E+00    0.8000000000E+00    0.4200000000E+01
     549    0.6000000000E+00    0.8000000000E+00    0.4200000000E+01
     550    0.8000000000E+00    0.8000000000E+00    0.4200000000E+01
     551    0.0000000000E+00    0.0000000000E+00    0.4400000000E+01
     552    0.2000000000E+00    0.0000000000E+00    0.4400000000E+01
     553    0.4000000000E+00    0.0000000000E+00    0.4400000000E+01
     554    0.6000000000E+00    0.0000000000E+00    0.4400000000E+01
     555    0.8000000000E+00    0.0000000000E+00    0.4400000000E+01
     556    0.0000000000E+00    0.2000000000E+00    0.4400000000E+01
     557    0.2000000000E+00    0.2000000000E+00    0.4400000000E+01
     558    0.4000000000E+00    0.2000000000E+00    0.4400000000E+01
     559    0.6000000000E+00    0.2000000000E+00    0.4400000000E+01
     560    0.8000000000E+00    0.2000000000E+00    0.4400000000E+01
     561    0.0000000000E+00    0.4000000000E+00    0.4400000000E+01
     562    0.2000000000E+00    0.4000000000E+00    0.4400000000E+01
     563    0.4000000000E+00    0.4000000000E+00    0.4400000000E+01
     564    0.6000000000E+00    0.4000000000E+00    0.4400000000E+01
     565    0.8000000000E+00    0.4000000000E+00    0.4400000000E+01
     566    0.0000000000E+00    0.6000000000E+00    0.4400000000E+01
     567    0.2000000000E+00    0.6000000000E+00    0.4400000000E+01
     568    0.4000000000E+00    0.6000000000E+00    0.4400000000E+01
     569    0.6000000000E+00    0.6000000000E+00    0.4400000000E+01
     570    0.8000000000E+00    0.6000000000E+00    0.4400000000E+01
     571    0.0000000000E+00    0.8000000000E+00    0.4400000000E+01
     572    0.2000000000E+00    0.8000000000E+00    0.4400000000E+01
     573    0.4000000000E+00    0.8000000000E+00    0.4400000000E+01
     574    0.6000000000E+00    0.8000000000E+00    0.4400000000E+01
     575    0.8000000000E+00    0.8000000000E+00    0.4400000000E+01
     576    0.0000000000E+00    0.0000000000E+00    0.4600000000E+01
     577    0.2000000000E+00    0.0000000000E+00    0.4600000000E+01
     578    0.4000000000E+00    0.0000000000E+00    0.4600000000E+01
     579    0.6000000000E+00    0.0000000000E+00    0.4600000000E+01
     580    0.8000000000E+00    0.0000000000E+00    0.4600000000E+01
     581    0.0000000000E+00    0.2000000000E+00    0.4600000000E+01
     582    0.2000000000E+00    0.2000000000E+00    0.4600000000E+01
     583    0.4000000000E+00    0.2000000000E+00    0.4600000000E+01
     584    0.6000000000E+00    0.2000000000E+00    0.4600000000E+01
     585    0.8000000000E+00    0.2000000000E+00    0.4600000000E+01
     586    0.0000000000E+00    0.4000000000E+00    0.4600000000E+01
     587    0.2000000000E+00    0.4000000000E+00    0.4600000000E+01
     588    0.4000000000E+00    0.4000000000E+00    0.4600000000E+01
     589    0.6000000000E+00    0.4000000000E+00    0.4600000000E+01
     590    0.8000000000E+00    0.4000000000E+00    0.4600000000E+01
     591    0.0000000000E+00    0.6000000000E+00    0.4600000000E+01
     592    0.2000000000E+00    0.6000000000E+00    0.4600000000E+01
     593    0.4000000000E+00    0.6000000000E+00    0.4600000000E+01
     594    0.6000000000E+00    0.6000000000E+00    0.4600000000E+01
     595    0.8000000000E+00    0.6000000000E+00    0.4600000000E+01
     596    0.0000000000E+00    0.8000000000E+00    0.4600000000E+01
     597    0.2000000000E+00    0.8000000000E+00    0.4600000000E+01
     598    0.4000000000E+00    0.8000000000E+00    0.4600000000E+01
     599    0.6000000000E+00    0.8000000000E+00    0.4600000000E+01
     600    0.8000000000E+00    0.8000000000E+00    0.4600000000E+01
     601    0.0000000000E+00    0.0000000000E+00    0.4800000000E+01
     602    0.2000000000E+00    0.0000000000E+00    0.4800000000E+01
     603    0.4000000000E+00    0.0000000000E+00    0.4800000000E+01
     604    0.6000000000E+00    0.0000000000E+00    0.4800000000E+01
     605    0.8000000000E+00    0.0000000000E+00    0.4800000000E+01
     606    0.0000000000E+00    0.2000000000E+00    0.4800000000E+01
     607    0.2000000000E+00    0.2000000000E+00    0.4800000000E+01
     608    0.4000000000E+00    0.2000000000E+00    0.4800000000E+01
     609    0.6000000000E+00    0.2000000000E+00    0.4800000000E+01
     610    0.8000000000E+00    0.2000000000E+00    0.4800000000E+01
     611    0.0000000000E+00    0.4000000000E+00    0.4800000000E+01
     612    0.2000000000E+00    0.4000000000E+00    0.4800000000E+01
     613    0.4000000000E+00    0.4000000000E+00    0.4800000000E+01
     614    0.6000000000E+00    0.4000000000E+00    0.4800000000E+01
     615    0.8000000000E+00    0.4000000000E+00    0.4800000000E+01
     616    0.0000000000E+00    0.6000000000E+00    0.4800000000E+01
     617    0.2000000000E+00    0.6000000000E+00    0.4800000000E+01
     618    0.4000000000E+00    0.6000000000E+00    0.4800000000E+01
     619    0.6000000000E+00    0.6000000000E+00    0.4800000000E+01
     620    0.8000000000E+00    0.6000000000E+00    0.4800000000E+01
     621    0.0000000000E+00    0.8000000000E+00    0.4800000000E+01
     622    0.2000000000E+00    0.8000000000E+00    0.4800000000E+01
     623    0.4000000000E+00    0.8000000000E+00    0.4800000000E+01
     624    0.6000000000E+00    0.8000000000E+00    0.4800000000E+01
     625    0.8000000000E+00    0.8000000000E+00    0.4800000000E+01
     626    0.0000000000E+00    0.0000000000E+00    0.5000000000E+01
     627    0.2000000000E+00    0.0000000000E+00    0.5000000000E+01
     628    0.4000000000E+00    0.0000000000E+00    0.5000000000E+01
     629    0.6000000000E+00    0.0000000000E+00    0.5000000000E+01
     630    0.8000000000E+00    0.0000000000E+00    0.5000000000E+01
     631    0.0000000000E+00    0.2000000000E+00    0.5000000000E+01
     632    0.2000000000E+00    0.2000000000E+00    0.5000000000E+01
     633    0.4000000000E+00    0.2000000000E+00    0.5000000000E+01
     634    0.6000000000E+00    0.2000000000E+00    0.5000000000E+01
     635    0.8000000000E+00    0.2000000000E+00    0.5000000000E+01
     636    0.0000000000E+00    0.4000000000E+00    0.5000000000E+01
     637    0.2000000000E+00    0.4000000000E+00    0.5000000000E+01
     638    0.4000000000E+00    0.4000000000E+00    0.5000000000E+01
     639    0.6000000000E+00    0.4000000000E+00    0.5000000000E+01
     640    0.8000000000E+00    0.4000000000E+00    0.5000000000E+01
     641    0.0000000000E+00    0.6000000000E+00    0.5000000000E+01
     642    0.2000000000E+00    0.6000000000E+00    0.5000000000E+01
     643    0.4000000000E+00    0.6000000000E+00    0.5000000000E+01
     644    0.6000000000E+00    0.6000000000E+00    0.5000000000E+01
     645    0.8000000000E+00    0.6000000000E+00    0.5000000000E+01
     646    0.0000000000E+00    0.8000000000E+00    0.5000000000E+01
     647    0.2000000000E+00    0.8000000000E+00    0.5000000000E+01
     648    0.4000000000E+00    0.8000000000E+00    0.5000000000E+01
     649    0.6000000000E+00    0.8000000000E+00    0.5000000000E+01
     650    0.8000000000E+00    0.8000000000E+00    0.5000000000E+01
     651    0.0000000000E+00    0.0000000000E+00    0.5200000000E+01
     652    0.2000000000E+00    0.0000000000E+00    0.5200000000E+01
     653    0.4000000000E+00    0.0000000000E+00    0.5200000000E+01
     654    0.6000000000E+00    0.0000000000E+00    0.5200000000E+01
     655    0.8000000000E+00    0.0000000000E+00    0.5200000000E+01
     656    0.0000000000E+00    0.2000000000E+00    0.5200000000E+01
     657    0.2000000000E+00    0.2000000000E+00    0.5200000000E+01
     658    0.4000000000E+00    0.2000000000E+00    0.5200000000E+01
     659    0.6000000000E+00    0.2000000000E+00    0.5200000000E+01
     660    0.8000000000E+00    0.2000000000E+00    0.5200000000E+01
     661    0.0000000000E+00    0.4000000000E+00    0.5200000000E+01
     662    0.2000000000E+00    0.4000000000E+00    0.5200000000E+01
     663    0.4000000000E+00    0.4000000000E+00    0.5200000000E+01
     664    0.6000000000E+00    0.4000000000E+00    0.5200000000E+01
     665    0.8000000000E+00    0.4000000000E+00    0.5200000000E+01
     666    0.0000000000E+00    0.6000000000E+00    0.5200000000E+01
     667    0.2000000000E+00    0.6000000000E+00    0.5200000000E+01
     668    0.4000000000E+00    0.6000000000E+00    0.5200000000E+01
     669    0.6000000000E+00    0.6000000000E+00    0.5200000000E+01
     670    0.8000000000E+00    0.6000000000E+00    0.5200000000E+01
     671    0.0000000000E+00    0.8000000000E+00    0.5200000000E+01
     672    0.2000000000E+00    0.8000000000E+00    0.5200000000E+01
     673    0.4000000000E+00    0.8000000000E+00    0.5200000000E+01
     674    0.6000000000E+00    0.8000000000E+00    0.5200000000E+01
     675    0.8000000000E+00    0.8000000000E+00    0.5200000000E+01
       1       1       2       7       6      26      27      32      31
       2       2       3       8       7      27      28      33      32
       3       3       4       9       8      28      29      34      33
       4       4       5      10       9      29      30      35      34
       5       6       7      12      11      31      32      37      36
       6       7       8      13      12      32      33      38      37
       7       8       9      14      13      33      34      39      38
       8       9      10      15      14      34      35      40      39
       9      11      12      17      16      36      37      42      41
      10      12      13      18      17      37      38      43      42
      11      13      14      19      18      38      39      44      43
      12      14      15      20      19      39      40      45      44
      13      16      17      22      21      41      42      47      46
      14      17      18      23      22      42      43      48      47
      15      18      19      24      23      43      44      49      48
      16      19      20      25      24      44      45      50      49
      17      26      27      32      31      51      52      57      56
      18      27      28      33      32      52      53      58      57
      19      28      29      34      33      53      54      59      58
      20      29      30      35      34      54      55      60      59
      21      31      32      37      36      56      57      62      61
      22      32      33      38      37      57      58      63      62
      23      33      34      39      38      58      59      64      63
      24      34      35      40      39      59      60      65      64
      25      36      37      42      41      61      62      67      66
      26      37      38      43      42      62      63      68      67
      27      38      39      44      43      63      64      69      68
      28      39      40      45      44      64      65      70      69
      29      41      42      47      46      66      67      72      71
      30      42      43      48      47      67      68      73      72
      31      43      44      49      48      68      69      74      73
      32      44      45      50      49      69      70      75      74
      33      51      52      57      56      76      77      82      81
      34      52      53      58      57      77      78      83      82
      35      53      54      59      58      78      79      84      83
      36      54      55      60      59      79      80      85      84
      37      56      57      62      61      81      82      87      86
      38      57      58      63      62      82      83      88      87
      39      58      59      64      63      83      84      89      88
      40      59      60      65      64      84      85      90      89
      41      61      62      67      66      86      87      92      91
      42      62      63      68      67      87      88      93      92
      43      63      64      69      68      88      89      94      93
      44      64      65      70      69      89      90      95      94
      45      66      67      72      71      91      92      97      96
      46      67      68      73      72      92      93      98      97
      47      68      69      74      73      93      94      99      98
      48      69      70      75      74      94      95     100      99
      49      76      77      82      81     101     102     107     106
      50      77      78      83      82     102     103     108     107
      51      78      79      84      83     103     104     109     108
      52      79      80      85      84     104     105     110     109
      53      81      82      87      86     106     107     112     111
      54      82      83      88      87     107     108     113     112
      55      83      84      89      88     108     109     114     113
      56      84      85      90      89     109     110     115     114
      57      86      87      92      91     111     112     117     116
      58      87      88      93      92     112     113     118     117
      59      88      89      94      93     113     114     119     118
      60      89      90      95      94     114     115     120     119
      61      91      92      97      96     116     117     122     121
      62      92      93      98      97     117     118     123     122
      63      93      94      99      98     118     119     124     123
      64      94      95     100      99     119     120     125     124
      65     101     102     107     106     126     127     132     131
      66     102     103     108     107     127     128     133     132
      67     103     104     109     108     128     129     134     133
      68     104     105     110     109     129     130     135     134
      69     106     107     112     111     131     132     137     136
      70     107     108     113     112     132     133     138     137
      71     108     109     114     113     133     134     139     138
      72     109     110     115     114     134     135     140     139
      73     111     112     117     116     136     137     142     141
      74     112     113     118     117     137     138     143     142
      75     113     114     119     118     138     139     144     143
      76     114     115     120     119     139     140     145     144
      77     116     117     122     121     141     142     147     146
      78     117     118     123     122     142     143     148     147
      79     118     119     124     123     143     144     149     148
      80     119     120     125     124     144     145     150     149
      81     126     127     132     131     151     152     157     156
      82     127     128     133     132     152     153     158     157
      83     128     129     134     133     153     154     159     158
      84     129     130     135     134     154     155     160     159
      85     131     132     137     136     156     157     162     161
      86     132     133     138     137     157     158     163     162
      87     133     134     139     138     158     159     164     163
      88     134     135     140     139     159     160     165     164
      89     136     137     142     141     161     162     167     166
      90     137     138     143     142     162     163     168     167
      91     138     139     144     143     163     164     169     168
      92     139     140     145     144     164     165     170     169
      93     141     142     147     146     166     167     172     171
      94     142     143     148     147     167     168     173     172
      95     143     144     149     148     168     169     174     173
      96     144     145     150     149     169     170     175     174
      97     151     152     157     156     176     177     182     181
      98     152     153     158     157     177     178     183     182
      99     153     154     159     158     178     179     184     183
     100     154     155     160     159     179     180     185     184
     101     156     157     162     161     181     182     187     186
     102     157     158     163     162     182     183     188     187
     103     158     159     164     163     183     184     189     188
     104     159     160     165     164     184     185     190     189
     105     161     162     167     166     186     187     192     191
     106     162     163     168     167     187     188     193     192
     107     163     164     169     168     188     189     194     193
     108     164     165     170     169     189     190     195     194
     109     166     167     172     171     191     192     197     196
     110     167     168     173     172     192     193     198     197
     111     168     169     174     173     193     194     199     198
     112     169     170     175     174     194     195     200     199
     113     176     177     182     181     201     202     207     206
     114     177     178     183     182     202     203     208     207
     115     178     179     184     183     203     204     209     208
     116     179     180     185     184     204     205     210     209
     117     181     182     187     186     206     207     212     211
     118     182     183     188     187     207     208     213     212
     119     183     184     189     188     208     209     214     213
     120     184     185     190     189     209     210     215     214
     121     186     187     192     191     211     212     217     216
     122     187     188     193     192     212     213     218     217
     123     188     189     194     193     213     214     219     218
     124     189     190     195     194     214     215     220     219
     125     191     192     197     196     216     217     222     221
     126     192     193     198     197     217     218     223     222
     127     193     194     199     198     218     219     224     223
     128     194     195     200     199     219     220     225     224
     129     201     202     207     206     226     227     232     231
     130     202     203     208     207     227     228     233     232
     131     203     204     209     208     228     229     234     233
     132     204     205     210     209     229     230     235     234
     133     206     207     212     211     231     232     237     236
     134     207     208     213     212     232     233     238     237
     135     208     209     214     213     233     234     239     238
     136     209     210     215     214     234     235     240     239
     137     211     212     217     216     236     237     242     241
     138     212     213     218     217     237     238     243     242
     139     213     214     219     218     238     239     244     243
     140     214     215     220     219     239     240     245     244
     141     216     217     222     221     241     242     247     246
     142     217     218     223     222     242     243     248     247
     143     218     219     224     223     243     244     249     248
     144     219     220     225     224     244     245     250     249
     145     226     227     232     231     251     252     257     256
     146     227     228     233     232     252     253     258     257
     147     228     229     234     233     253     254     259     258
     148     229     230     235     234     254     255     260     259
     149     231     232     237     236     256     257     262     261
     150     232     233     238     237     257     258     263     262
     151     233     234     239     238     258     259     264     263
     152     234     235     240     239     259     260     265     264
     153     236     237     242     241     261     262     267     266
     154     237     238     243     242     262     263     268     267
     155     238     239     244     243     263     264     269     268
     156     239     240     245     244     264     265     270     269
     157     241     242     247     246     266     267     272     271
     158     242     243     248     247     267     268     273     272
     159     243     244     249     248     268     269     274     273
     160     244     245     250     249     269     270     275     274
     161     251     252     257     256     276     277     282     281
     162     252     253     258     257     277     278     283     282
     163     253     254     259     258     278     279     284     283
     164     254     255     260     259     279     280     285     284
     165     256     257     262     261     281     282     287     286
     166     257     258     263     262     282     283     288     287
     167     258     259     264     263     283     284     289     288
     168     259     260     265     264     284     285     290     289
     169     261     262     267     266     286     287     292     291
     170     262     263     268     267     287     288     293     292
     171     263     264     269     268     288     289     294     293
     172     264     265     270     269     289     290     295     294
     173     266     267     272     271     291     292     297     296
     174     267     268     273     272     292     293     298     297
     175     268     269     274     273     293     294     299     298
     176     269     270     275     274     294     295     300     299
     177     276     277     282     281     301     302     307     306
     178     277     278     283     282     302     303     308     307
     179     278     279     284     283     303     304     309     308
     180     279     280     285     284     304     305     310     309
     181     281     282     287     286     306     307     312     311
     182     282     283     288     287     307     308     313     312
     183     283     284     289     288     308     309     314     313
     184     284     285     290     289     309     310     315     314
     185     286     287     292     291     311     312     317     316
     186     287     288     293     292     312     313     318     317
     187     288     289     294     293     313     314     319     318
     188     289     290     295     294     314     315     320     319
     189     291     292     297     296     316     317     322     321
     190     292     293     298     297     317     318     323     322
     191     293     294     299     298     318     319     324     323
     192     294     295     300     299     319     320     325     324
     193     301     302     307     306     326     327     332     331
     194     302     303     308     307     327     328     333     332
     195     303     304     309     308     328     329     334     333
     196     304     305     310     309     329     330     335     334
     197     306     307     312     311     331     332     337     336
     198     307     308     313     312     332     333     338     337
     199     308     309     314     313     333     334     339     338
     200     309     310     315     314     334     335     340     339
     201     311     312     317     316     336     337     342     341
     202     312     313     318     317     337     338     343     342
     203     313     314     319     318     338     339     344     343
     204     314     315     320     319     339     340     345     344
     205     316     317     322     321     341     342     347     346
     206     317     318     323     322     342     343     348     347
     207     318     319     324     323     343     344     349     348
     208     319     320     325     324     344     345     350     349
     209     326     327     332     331     351     352     357     356
     210     327     328     333     332     352     353     358     357
     211     328     329     334     333     353     354     359     358
     212     329     330     335     334     354     355     360     359
     213     331     332     337     336     356     357     362     361
     214     332     333     338     337     357     358     363     362
     215     333     334     339     338     358     359     364     363
     216     334     335     340     339     359     360     365     364
     217     336     337     342     341     361     362     367     366
     218     337     338     343     342     362     363     368     367
     219     338     339     344     343     363     364     369     368
     220     339     340     345     344     364     365     370     369
     221     341     342     347     346     366     367     372     371
     222     342     343     348     347     367     368     373     372
     223     343     344     349     348     368     369     374     373
     224     344     345     350     349     369     370     375     374
     225     351     352     357     356     376     377     382     381
     226     352     353     358     357     377     378     383     382
     227     353     354     359     358     378     379     384     383
     228     354     355     360     359     379     380     385     384
     229     356     357     362     361     381     382     387     386
     230     357     358     363     362     382     383     388     387
     231     358     359     364     363     383     384     389     388
     232     359     360     365     364     384     385     390     389
     233     361     362     367     366     386     387     392     391
     234     362     363     368     367     387     388     393     392
     235     363     364     369     368     388     389     394     393
     236     364     365     370     369     389     390     395     394
     237     366     367     372     371     391     392     397     396
     238     367     368     373     372     392     393     398     397
     239     368     369     374     373     393     394     399     398
     240     369     370     375     374     394     395     400     399
     241     376     377     382     381     401     402     407     406
     242     377     378     383     382     402     403     408     407
     243     378     379     384     383     403     404     409     408
     244     379     380     385     384     404     405     410     409
     245     381     382     387     386     406     407     412     411
     246     382     383     388     387     407     408     413     412
     247     383     384     389     388     408     409     414     413
     248     384     385     390     389     409     410     415     414
     249     386     387     392     391     411     412     417     416
     250     387     388     393     392     412     413     418     417
     251     388     389     394     393     413     414     419     418
     252     389     390     395     394     414     415     420     419
     253     391     392     397     396     416     417     422     421
     254     392     393     398     397     417     418     423     422
     255     393     394     399     398     418     419     424     423
     256     394     395     400     399     419     420     425     424
     257     401     402     407     406     426     427     432     431
     258     402     403     408     407     427     428     433     432
     259     403     404     409     408     428     429     434     433
     260     404     405     410     409     429     430     435     434
     261     406     407     412     411     431     432     437     436
     262     407     408     413     412     432     433     438     437
     263     408     409     414     413     433     434     439     438
     264     409     410     415     414     434     435     440     439
     265     411     412     417     416     436     437     442     441
     266     412     413     418     417     437     438     443     442
     267     413     414     419     418     438     439     444     443
     268     414     415     420     419     439     440     445     444
     269     416     417     422     421     441     442     447     446
     270     417     418     423     422     442     443     448     447
     271     418     419     424     423     443     444     449     448
     272     419     420     425     424     444     445     450     449
     273     426     427     432     431     451     452     457     456
     274     427     428     433     432     452     453     458     457
     275     428     429     434     433     453     454     459     458
     276     429     430     435     434     454     455     460     459
     277     431     432     437     436     456     457     462     461
     278     432     433     438     437     457     458     463     462
     279     433     434     439     438     458     459     464     463
     280     434     435     440     439     459     460     465     464
     281     436     437     442     441     461     462     467     466
     282     437     438     443     442     462     463     468     467
     283     438     439     444     443     463     464     469     468
     284     439     440     445     444     464     465     470     469
     285     441     442     447     446     466     467     472     471
     286     442     443     448     447     467     468     473     472
     287     443     444     449     448     468     469     474     473
     288     444     445     450     449     469     470     475     474
     289     451     452     457     456     476     477     482     481
     290     452     453     458     457     477     478     483     482
     291     453     454     459     458     478     479     484     483
     292     454     455     460     459     479     480     485     484
     293     456     457     462     461     481     482     487     486
     294     457     458     463     462     482     483     488     487
     295     458     459     464     463     483     484     489     488
     296     459     460     465     464     484     485     490     489
     297     461     462     467     466     486     487     492     491
     298     462     463     468     467     487     488     493     492
     299     463     464     469     468     488     489     494     493
     300     464     465     470     469     489     490     495     494
     301     466     467     472     471     491     492     497     496
     302     467     468     473     472     492     493     498     497
     303     468     469     474     473     493     494     499     498
     304     469     470     475     474     494     495     500     499
     305     476     477     482     481     501     502     507     506
     306     477     478     483     482     502     503     508     507
     307     478     479     484     483     503     504     509     508
     308     479     480     485     484     504     505     510     509
     309     481     482     487     486     506     507     512     511
     310     482     483     488     487     507     508     513     512
     311     483     484     489     488     508     509     514     513
     312     484     485     490     489     509     510     515     514
     313     486     487     492     491     511     512     517     516
     314     487     488     493     492     512     513     518     517
     315     488     489     494     493     513     514     519     518
     316     489     490     495     494     514     515     520     519
     317     491     492     497     496     516     517     522     521
     318     492     493     498     497     517     518     523     522
     319     493     494     499     498     518     519     524     523
     320     494     495     500     499     519     520     525     524
     321     501     502     507     506     526     527     532     531
     322     502     503     508     507     527     528     533     532
     323     503     504     509     508     528     529     534     533
     324     504     505     510     509     529     530     535     534
     325     506     507     512     511     531     532     537     536
     326     507     508     513     512     532     533     538     537
     327     508     509     514     513     533     534     539     538
     328     509     510     515     514     534     535     540     539
     329     511     512     517     516     536     537     542     541
     330     512     513     518     517     537     538     543     542
     331     513     514     519     518     538     539     544     543
     332     514     515     520     519     539     540     545     544
     333     516     517     522     521     541     542     547     546
     334     517     518     523     522     542     543     548     547
     335     518     519     524     523     543     544     549     548
     336     519     520     525     524     544     545     550     549
     337     526     527     532     531     551     552     557     556
     338     527     528     533     532     552     553     558     557
     339     528     529     534     533     553     554     559     558
     340     529     530     535     534     554     555     560     559
     341     531     532     537     536     556     557     562     561
     342     532     533     538     537     557     558     563     562
     343     533     534     539     538     558     559     564     563
     344     534     535     540     539     559     560     565     564
     345     536     537     542     541     561     562     567     566
     346     537     538     543     542     562     563     568     567
     347     538     539     544     543     563     564     569     568
     348     539     540     545     544     564     565     570     569
     349     541     542     547     546     566     567     572     571
     350     542     543     548     547     567     568     573     572
     351     543     544     549     548     568     569     574     573
     352     544     545     550     549     569     570     575     574
     353     551     552     557     556     576     577     582     581
     354     552     553     558     557     577     578     583     582
     355     553     554     559     558     578     579     584     583
     356     554     555     560     559     579     580     585     584
     357     556     557     562     561     581     582     587     586
     358     557     558     563     562     582     583     588     587
     359     558     559     564     563     583     584     589     588
     360     559     560     565     564     584     585     590     589
     361     561     562     567     566     586     587     592     591
     362     562     563     568     567     587     588     593     592
     363     563     564     569     568     588     589     594     593
     364     564     565     570     569     589     590     595     594
     365     566     567     572     571     591     592     597     596
     366     567     568     573     572     592     593     598     597
     367     568     569     574     573     593     594     599     598
     368     569     570     575     574     594     595     600     599
     369     576     577     582     581     601     602     607     606
     370     577     578     583     582     602     603     608     607
     371     578     579     584     583     603     604     609     608
     372     579     580     585     584     604     605     610     609
     373     581     582     587     586     606     607     612     611
     374     582     583     588     587     607     608     613     612
     375     583     584     589     588     608     609     614     613
     376     584     585     590     589     609     610     615     614
     377     586     587     592     591     611     612     617     616
     378     587     588     593     592     612     613     618     617
     379     588     589     594     593     613     614     619     618
     380     589     590     595     594     614     615     620     619
     381     591     592     597     596     616     617     622     621
     382     592     593     598     597     617     618     623     622
     383     593     594     599     598     618     619     624     623
     384     594     595     600     599     619     620     625     624
     385     601     602     607     606     626     627     632     631
     386     602     603     608     607     627     628     633     632
     387     603     604     609     608     628     629     634     633
     388     604     605     610     609     629     630     635     634
     389     606     607     612     611     631     632     637     636
     390     607     608     613     612     632     633     638     637
     391     608     609     614     613     633     634     639     638
     392     609     610     615     614     634     635     640     639
     393     611     612     617     616     636     637     642     641
     394     612     613     618     617     637     638     643     642
     395     613     614     619     618     638     639     644     643
     396     614     615     620     619     639     640     645     644
     397     616     617     622     621     641     642     647     646
     398     617     618     623     622     642     643     648     647
     399     618     619     624     623     643     644     649     648
     400     619     620     625     624     644     645     650     649
     401     626     627     632     631     651     652     657     656
     402     627     628     633     632     652     653     658     657
     403     628     629     634     633     653     654     659     658
     404     629     630     635     634     654     655     660     659
     405     631     632     637     636     656     657     662     661
     406     632     633     638     637     657     658     663     662
     407     633     634     639     638     658     659     664     663
     408     634     635     640     639     659     660     665     664
     409     636     637     642     641     661     662     667     666
     410     637     638     643     642     662     663     668     667
     411     638     639     644     643     663     664     669     668
     412     639     640     645     644     664     665     670     669
     413     641     642     647     646     666     667     672     671
     414     642     643     648     647     667     668     673     672
     415     643     644     649     648     668     669     674     673
     416     644     645     650     649     669     670     675     674
